6 0 1 00000 00000000
70 4 3 00000 00000000
71 1 1 00000 00000000
135 4 3 00000 00000000
136 0 2 00000 00000000
200 4 3 00000 00000000
201 1 1 00000 00000000
202 0 3 00000 00000001
203 2 1 00000 00000000
265 4 3 00000 00000001
266 0 2 00000 00000000
330 4 3 00000 00000001
331 1 1 00000 00000000
332 0 3 00000 00000002
333 2 1 00000 00000000
395 4 3 00000 00000002
396 0 2 00000 00000000
460 4 3 00000 00000002
461 1 1 00000 00000000
462 0 3 00000 00000003
463 2 1 00000 00000000
525 4 3 00000 00000003
526 0 2 00000 00000000
590 4 3 00000 00000003
591 1 1 00000 00000000
592 0 3 00000 00000004
593 2 1 00000 00000000
655 4 3 00000 00000004
656 0 2 00000 00000000
720 4 3 00000 00000004
721 1 1 00000 00000000
722 0 3 00000 00000005
723 2 1 00000 00000000
785 4 3 00000 00000005
786 0 2 00000 00000000
850 4 3 00000 00000005
851 1 1 00000 00000000
852 0 3 00000 00000006
853 2 1 00000 00000000
915 4 3 00000 00000006
916 0 2 00000 00000000
980 4 3 00000 00000006
981 1 1 00000 00000000
982 0 3 00000 00000007
983 2 1 00000 00000000
1045 4 3 00000 00000007
1046 0 2 00000 00000000
1110 4 3 00000 00000007
1111 1 1 00000 00000000
1112 0 3 00000 00000008
1113 2 1 00000 00000000
1175 4 3 00000 00000008
1176 0 2 00000 00000000
1240 4 3 00000 00000008
1241 1 1 00000 00000000
1242 0 3 00000 00000009
1243 2 1 00000 00000000
1305 4 3 00000 00000009
1306 0 2 00000 00000000
1370 4 3 00000 00000009
1371 1 1 00000 00000000
1372 0 3 00000 0000000A
1373 2 1 00000 00000000
1435 4 3 00000 0000000A
1436 0 2 00000 00000000
1500 4 3 00000 0000000A
1501 1 1 00000 00000000
1502 0 3 00000 0000000B
1503 2 1 00000 00000000
1565 4 3 00000 0000000B
1566 0 2 00000 00000000
1630 4 3 00000 0000000B
1631 1 1 00000 00000000
1632 0 3 00000 0000000C
1633 2 1 00000 00000000
1695 4 3 00000 0000000C
1696 0 2 00000 00000000
1760 4 3 00000 0000000C
1761 1 1 00000 00000000
1762 0 3 00000 0000000D
1763 2 1 00000 00000000
1825 4 3 00000 0000000D
1826 0 2 00000 00000000
1890 4 3 00000 0000000D
1891 1 1 00000 00000000
1892 0 3 00000 0000000E
1893 2 1 00000 00000000
1955 4 3 00000 0000000E
1956 0 2 00000 00000000
2020 4 3 00000 0000000E
2021 1 1 00000 00000000
2022 0 3 00000 0000000F
2023 2 1 00000 00000000
2085 4 3 00000 0000000F
2086 0 2 00000 00000000
2150 4 3 00000 0000000F
2151 1 1 00000 00000000
2152 0 3 00000 00000010
2153 2 1 00000 00000000
2215 4 3 00000 00000010
2216 0 2 00000 00000000
2280 4 3 00000 00000010
2281 1 1 00000 00000000
2282 0 3 00000 00000011
2283 2 1 00000 00000000
2345 4 3 00000 00000011
2346 0 2 00000 00000000
2410 4 3 00000 00000011
2411 1 1 00000 00000000
2412 0 3 00000 00000012
2413 2 1 00000 00000000
2475 4 3 00000 00000012
2476 0 2 00000 00000000
2540 4 3 00000 00000012
2541 1 1 00000 00000000
2542 0 3 00000 00000013
2543 2 1 00000 00000000
2605 4 3 00000 00000013
2606 0 2 00000 00000000
2670 4 3 00000 00000013
2671 1 1 00000 00000000
2672 0 3 00000 00000014
2673 2 1 00000 00000000
2735 4 3 00000 00000014
2736 0 2 00000 00000000
2800 4 3 00000 00000014
2801 1 1 00000 00000000
2802 0 3 00000 00000015
2803 2 1 00000 00000000
2865 4 3 00000 00000015
2866 0 2 00000 00000000
2930 4 3 00000 00000015
2931 1 1 00000 00000000
2932 0 3 00000 00000016
2933 2 1 00000 00000000
2995 4 3 00000 00000016
2996 0 2 00000 00000000
3060 4 3 00000 00000016
3061 1 1 00000 00000000
3062 0 3 00000 00000017
3063 2 1 00000 00000000
3125 4 3 00000 00000017
3126 0 2 00000 00000000
3190 4 3 00000 00000017
3191 1 1 00000 00000000
3192 0 3 00000 00000018
3193 2 1 00000 00000000
3255 4 3 00000 00000018
3256 0 2 00000 00000000
3320 4 3 00000 00000018
3321 1 1 00000 00000000
3322 0 3 00000 00000019
3323 2 1 00000 00000000
3385 4 3 00000 00000019
3386 0 2 00000 00000000
3450 4 3 00000 00000019
3451 1 1 00000 00000000
3452 0 3 00000 0000001A
3453 2 1 00000 00000000
3515 4 3 00000 0000001A
3516 0 2 00000 00000000
3580 4 3 00000 0000001A
3581 1 1 00000 00000000
3582 0 3 00000 0000001B
3583 2 1 00000 00000000
3645 4 3 00000 0000001B
3646 0 2 00000 00000000
3710 4 3 00000 0000001B
3711 1 1 00000 00000000
3712 0 3 00000 0000001C
3713 2 1 00000 00000000
3775 4 3 00000 0000001C
3776 0 2 00000 00000000
3840 4 3 00000 0000001C
3841 1 1 00000 00000000
3842 0 3 00000 0000001D
3843 2 1 00000 00000000
3905 4 3 00000 0000001D
3906 0 2 00000 00000000
3970 4 3 00000 0000001D
3971 1 1 00000 00000000
3972 0 3 00000 0000001E
3973 2 1 00000 00000000
4035 4 3 00000 0000001E
4036 0 2 00000 00000000
4100 4 3 00000 0000001E
4101 1 1 00000 00000000
4102 0 3 00000 0000001F
4103 2 1 00000 00000000
4165 4 3 00000 0000001F
4166 0 2 00000 00000000
4230 4 3 00000 0000001F
4231 1 1 00000 00000000
4232 0 3 00000 00000020
4233 2 1 00000 00000000
4295 4 3 00000 00000020
4296 0 2 00000 00000000
4360 4 3 00000 00000020
4361 1 1 00000 00000000
4362 0 3 00000 00000021
4363 2 1 00000 00000000
4425 4 3 00000 00000021
4426 0 2 00000 00000000
4490 4 3 00000 00000021
4491 1 1 00000 00000000
4492 0 3 00000 00000022
4493 2 1 00000 00000000
4555 4 3 00000 00000022
4556 0 2 00000 00000000
4620 4 3 00000 00000022
4621 1 1 00000 00000000
4622 0 3 00000 00000023
4623 2 1 00000 00000000
4685 4 3 00000 00000023
4686 0 2 00000 00000000
4750 4 3 00000 00000023
4751 1 1 00000 00000000
4752 0 3 00000 00000024
4753 2 1 00000 00000000
4815 4 3 00000 00000024
4816 0 2 00000 00000000
4880 4 3 00000 00000024
4881 1 1 00000 00000000
4882 0 3 00000 00000025
4883 2 1 00000 00000000
4945 4 3 00000 00000025
4946 0 2 00000 00000000
5010 4 3 00000 00000025
5011 1 1 00000 00000000
5012 0 3 00000 00000026
5013 2 1 00000 00000000
5075 4 3 00000 00000026
5076 0 2 00000 00000000
5140 4 3 00000 00000026
5141 1 1 00000 00000000
5142 0 3 00000 00000027
5143 2 1 00000 00000000
5205 4 3 00000 00000027
5206 0 2 00000 00000000
5270 4 3 00000 00000027
5271 1 1 00000 00000000
5272 0 3 00000 00000028
5273 2 1 00000 00000000
5335 4 3 00000 00000028
5336 0 2 00000 00000000
5400 4 3 00000 00000028
5401 1 1 00000 00000000
5402 0 3 00000 00000029
5403 2 1 00000 00000000
5465 4 3 00000 00000029
5466 0 2 00000 00000000
5530 4 3 00000 00000029
5531 1 1 00000 00000000
5532 0 3 00000 0000002A
5533 2 1 00000 00000000
5595 4 3 00000 0000002A
5596 0 2 00000 00000000
5660 4 3 00000 0000002A
5661 1 1 00000 00000000
5662 0 3 00000 0000002B
5663 2 1 00000 00000000
5725 4 3 00000 0000002B
5726 0 2 00000 00000000
5790 4 3 00000 0000002B
5791 1 1 00000 00000000
5792 0 3 00000 0000002C
5793 2 1 00000 00000000
5855 4 3 00000 0000002C
5856 0 2 00000 00000000
5920 4 3 00000 0000002C
5921 1 1 00000 00000000
5922 0 3 00000 0000002D
5923 2 1 00000 00000000
5985 4 3 00000 0000002D
5986 0 2 00000 00000000
6050 4 3 00000 0000002D
6051 1 1 00000 00000000
6052 0 3 00000 0000002E
6053 2 1 00000 00000000
6115 4 3 00000 0000002E
6116 0 2 00000 00000000
6180 4 3 00000 0000002E
6181 1 1 00000 00000000
6182 0 3 00000 0000002F
6183 2 1 00000 00000000
6245 4 3 00000 0000002F
6246 0 2 00000 00000000
6310 4 3 00000 0000002F
6311 1 1 00000 00000000
6312 0 3 00000 00000030
6313 2 1 00000 00000000
6375 4 3 00000 00000030
6376 0 2 00000 00000000
6440 4 3 00000 00000030
6441 1 1 00000 00000000
6442 0 3 00000 00000031
6443 2 1 00000 00000000
6505 4 3 00000 00000031
6506 0 2 00000 00000000
6570 4 3 00000 00000031
6571 1 1 00000 00000000
6572 0 3 00000 00000032
6573 2 1 00000 00000000
6635 4 3 00000 00000032
6636 0 2 00000 00000000
6700 4 3 00000 00000032
6701 1 1 00000 00000000
6702 0 3 00000 00000033
6703 2 1 00000 00000000
6765 4 3 00000 00000033
6766 0 2 00000 00000000
6830 4 3 00000 00000033
6831 1 1 00000 00000000
6832 0 3 00000 00000034
6833 2 1 00000 00000000
6895 4 3 00000 00000034
6896 0 2 00000 00000000
6960 4 3 00000 00000034
6961 1 1 00000 00000000
6962 0 3 00000 00000035
6963 2 1 00000 00000000
7025 4 3 00000 00000035
7026 0 2 00000 00000000
7090 4 3 00000 00000035
7091 1 1 00000 00000000
7092 0 3 00000 00000036
7093 2 1 00000 00000000
7155 4 3 00000 00000036
7156 0 2 00000 00000000
7220 4 3 00000 00000036
7221 1 1 00000 00000000
7222 0 3 00000 00000037
7223 2 1 00000 00000000
7285 4 3 00000 00000037
7286 0 2 00000 00000000
7350 4 3 00000 00000037
7351 1 1 00000 00000000
7352 0 3 00000 00000038
7353 2 1 00000 00000000
7415 4 3 00000 00000038
7416 0 2 00000 00000000
7480 4 3 00000 00000038
7481 1 1 00000 00000000
7482 0 3 00000 00000039
7483 2 1 00000 00000000
7545 4 3 00000 00000039
7546 0 2 00000 00000000
7610 4 3 00000 00000039
7611 1 1 00000 00000000
7612 0 3 00000 0000003A
7613 2 1 00000 00000000
7675 4 3 00000 0000003A
7676 0 2 00000 00000000
7740 4 3 00000 0000003A
7741 1 1 00000 00000000
7742 0 3 00000 0000003B
7743 2 1 00000 00000000
7805 4 3 00000 0000003B
7806 0 2 00000 00000000
7870 4 3 00000 0000003B
7871 1 1 00000 00000000
7872 0 3 00000 0000003C
7873 2 1 00000 00000000
7935 4 3 00000 0000003C
7936 0 2 00000 00000000
8000 4 3 00000 0000003C
8001 1 1 00000 00000000
8002 0 3 00000 0000003D
8003 2 1 00000 00000000
8065 4 3 00000 0000003D
8066 0 2 00000 00000000
8130 4 3 00000 0000003D
8131 1 1 00000 00000000
8132 0 3 00000 0000003E
8133 2 1 00000 00000000
8195 4 3 00000 0000003E
8196 0 2 00000 00000000
8260 4 3 00000 0000003E
8261 1 1 00000 00000000
8262 0 3 00000 0000003F
8263 2 1 00000 00000000
8325 4 3 00000 0000003F
8326 0 2 00000 00000000
8390 4 3 00000 0000003F
8391 1 1 00000 00000000
8392 0 3 00000 00000040
8393 2 1 00000 00000000
8455 4 3 00000 00000040
8456 0 2 00000 00000000
8520 4 3 00000 00000040
8521 1 1 00000 00000000
8522 0 3 00000 00000041
8523 2 1 00000 00000000
8585 4 3 00000 00000041
8586 0 2 00000 00000000
8650 4 3 00000 00000041
8651 1 1 00000 00000000
8652 0 3 00000 00000042
8653 2 1 00000 00000000
8715 4 3 00000 00000042
8716 0 2 00000 00000000
8780 4 3 00000 00000042
8781 1 1 00000 00000000
8782 0 3 00000 00000043
8783 2 1 00000 00000000
8845 4 3 00000 00000043
8846 0 2 00000 00000000
8910 4 3 00000 00000043
8911 1 1 00000 00000000
8912 0 3 00000 00000044
8913 2 1 00000 00000000
8975 4 3 00000 00000044
8976 0 2 00000 00000000
9040 4 3 00000 00000044
9041 1 1 00000 00000000
9042 0 3 00000 00000045
9043 2 1 00000 00000000
9105 4 3 00000 00000045
9106 0 2 00000 00000000
9170 4 3 00000 00000045
9171 1 1 00000 00000000
9172 0 3 00000 00000046
9173 2 1 00000 00000000
9235 4 3 00000 00000046
9236 0 2 00000 00000000
9300 4 3 00000 00000046
9301 1 1 00000 00000000
9302 0 3 00000 00000047
9303 2 1 00000 00000000
9365 4 3 00000 00000047
9366 0 2 00000 00000000
9430 4 3 00000 00000047
9431 1 1 00000 00000000
9432 0 3 00000 00000048
9433 2 1 00000 00000000
9495 4 3 00000 00000048
9496 0 2 00000 00000000
9560 4 3 00000 00000048
9561 1 1 00000 00000000
9562 0 3 00000 00000049
9563 2 1 00000 00000000
9625 4 3 00000 00000049
9626 0 2 00000 00000000
9690 4 3 00000 00000049
9691 1 1 00000 00000000
9692 0 3 00000 0000004A
9693 2 1 00000 00000000
9755 4 3 00000 0000004A
9756 0 2 00000 00000000
9820 4 3 00000 0000004A
9821 1 1 00000 00000000
9822 0 3 00000 0000004B
9823 2 1 00000 00000000
9885 4 3 00000 0000004B
9886 0 2 00000 00000000
9950 4 3 00000 0000004B
9951 1 1 00000 00000000
9952 0 3 00000 0000004C
9953 2 1 00000 00000000
10015 4 3 00000 0000004C
10016 0 2 00000 00000000
10080 4 3 00000 0000004C
10081 1 1 00000 00000000
10082 0 3 00000 0000004D
10083 2 1 00000 00000000
10145 4 3 00000 0000004D
10146 0 2 00000 00000000
10210 4 3 00000 0000004D
10211 1 1 00000 00000000
10212 0 3 00000 0000004E
10213 2 1 00000 00000000
10275 4 3 00000 0000004E
10276 0 2 00000 00000000
10340 4 3 00000 0000004E
10341 1 1 00000 00000000
10342 0 3 00000 0000004F
10343 2 1 00000 00000000
10405 4 3 00000 0000004F
10406 0 2 00000 00000000
10470 4 3 00000 0000004F
10471 1 1 00000 00000000
10472 0 3 00000 00000050
10473 2 1 00000 00000000
10535 4 3 00000 00000050
10536 0 2 00000 00000000
10600 4 3 00000 00000050
10601 1 1 00000 00000000
10602 0 3 00000 00000051
10603 2 1 00000 00000000
10665 4 3 00000 00000051
10666 0 2 00000 00000000
10730 4 3 00000 00000051
10731 1 1 00000 00000000
10732 0 3 00000 00000052
10733 2 1 00000 00000000
10795 4 3 00000 00000052
10796 0 2 00000 00000000
10860 4 3 00000 00000052
10861 1 1 00000 00000000
10862 0 3 00000 00000053
10863 2 1 00000 00000000
10925 4 3 00000 00000053
10926 0 2 00000 00000000
10990 4 3 00000 00000053
10991 1 1 00000 00000000
10992 0 3 00000 00000054
10993 2 1 00000 00000000
11055 4 3 00000 00000054
11056 0 2 00000 00000000
11120 4 3 00000 00000054
11121 1 1 00000 00000000
11122 0 3 00000 00000055
11123 2 1 00000 00000000
11185 4 3 00000 00000055
11186 0 2 00000 00000000
11250 4 3 00000 00000055
11251 1 1 00000 00000000
11252 0 3 00000 00000056
11253 2 1 00000 00000000
11315 4 3 00000 00000056
11316 0 2 00000 00000000
11380 4 3 00000 00000056
11381 1 1 00000 00000000
11382 0 3 00000 00000057
11383 2 1 00000 00000000
11445 4 3 00000 00000057
11446 0 2 00000 00000000
11510 4 3 00000 00000057
11511 1 1 00000 00000000
11512 0 3 00000 00000058
11513 2 1 00000 00000000
11575 4 3 00000 00000058
11576 0 2 00000 00000000
11640 4 3 00000 00000058
11641 1 1 00000 00000000
11642 0 3 00000 00000059
11643 2 1 00000 00000000
11705 4 3 00000 00000059
11706 0 2 00000 00000000
11770 4 3 00000 00000059
11771 1 1 00000 00000000
11772 0 3 00000 0000005A
11773 2 1 00000 00000000
11835 4 3 00000 0000005A
11836 0 2 00000 00000000
11900 4 3 00000 0000005A
11901 1 1 00000 00000000
11902 0 3 00000 0000005B
11903 2 1 00000 00000000
11965 4 3 00000 0000005B
11966 0 2 00000 00000000
12030 4 3 00000 0000005B
12031 1 1 00000 00000000
12032 0 3 00000 0000005C
12033 2 1 00000 00000000
12095 4 3 00000 0000005C
12096 0 2 00000 00000000
12160 4 3 00000 0000005C
12161 1 1 00000 00000000
12162 0 3 00000 0000005D
12163 2 1 00000 00000000
12225 4 3 00000 0000005D
12226 0 2 00000 00000000
12290 4 3 00000 0000005D
12291 1 1 00000 00000000
12292 0 3 00000 0000005E
12293 2 1 00000 00000000
12355 4 3 00000 0000005E
12356 0 2 00000 00000000
12420 4 3 00000 0000005E
12421 1 1 00000 00000000
12422 0 3 00000 0000005F
12423 2 1 00000 00000000
12485 4 3 00000 0000005F
12486 0 2 00000 00000000
12550 4 3 00000 0000005F
12551 1 1 00000 00000000
12552 0 3 00000 00000060
12553 2 1 00000 00000000
12615 4 3 00000 00000060
12616 0 2 00000 00000000
12680 4 3 00000 00000060
12681 1 1 00000 00000000
12682 0 3 00000 00000061
12683 2 1 00000 00000000
12745 4 3 00000 00000061
12746 0 2 00000 00000000
12810 4 3 00000 00000061
12811 1 1 00000 00000000
12812 0 3 00000 00000062
12813 2 1 00000 00000000
12875 4 3 00000 00000062
12876 0 2 00000 00000000
12940 4 3 00000 00000062
12941 1 1 00000 00000000
12942 0 3 00000 00000063
12943 2 1 00000 00000000
13005 4 3 00000 00000063
13006 0 2 00000 00000000
13070 4 3 00000 00000063
13071 1 1 00000 00000000
13072 0 3 00000 00000064
13073 2 1 00000 00000000
13135 4 3 00000 00000064
13136 0 2 00000 00000000
13200 4 3 00000 00000064
13201 1 1 00000 00000000
13202 0 3 00000 00000065
13203 2 1 00000 00000000
13265 4 3 00000 00000065
13266 0 2 00000 00000000
13330 4 3 00000 00000065
13331 1 1 00000 00000000
13332 0 3 00000 00000066
13333 2 1 00000 00000000
13395 4 3 00000 00000066
13396 0 2 00000 00000000
13460 4 3 00000 00000066
13461 1 1 00000 00000000
13462 0 3 00000 00000067
13463 2 1 00000 00000000
13525 4 3 00000 00000067
13526 0 2 00000 00000000
13590 4 3 00000 00000067
13591 1 1 00000 00000000
13592 0 3 00000 00000068
13593 2 1 00000 00000000
13655 4 3 00000 00000068
13656 0 2 00000 00000000
13720 4 3 00000 00000068
13721 1 1 00000 00000000
13722 0 3 00000 00000069
13723 2 1 00000 00000000
13785 4 3 00000 00000069
13786 0 2 00000 00000000
13850 4 3 00000 00000069
13851 1 1 00000 00000000
13852 0 3 00000 0000006A
13853 2 1 00000 00000000
13915 4 3 00000 0000006A
13916 0 2 00000 00000000
13980 4 3 00000 0000006A
13981 1 1 00000 00000000
13982 0 3 00000 0000006B
13983 2 1 00000 00000000
14045 4 3 00000 0000006B
14046 0 2 00000 00000000
14110 4 3 00000 0000006B
14111 1 1 00000 00000000
14112 0 3 00000 0000006C
14113 2 1 00000 00000000
14175 4 3 00000 0000006C
14176 0 2 00000 00000000
14240 4 3 00000 0000006C
14241 1 1 00000 00000000
14242 0 3 00000 0000006D
14243 2 1 00000 00000000
14305 4 3 00000 0000006D
14306 0 2 00000 00000000
14370 4 3 00000 0000006D
14371 1 1 00000 00000000
14372 0 3 00000 0000006E
14373 2 1 00000 00000000
14435 4 3 00000 0000006E
14436 0 2 00000 00000000
14500 4 3 00000 0000006E
14501 1 1 00000 00000000
14502 0 3 00000 0000006F
14503 2 1 00000 00000000
14565 4 3 00000 0000006F
14566 0 2 00000 00000000
14630 4 3 00000 0000006F
14631 1 1 00000 00000000
14632 0 3 00000 00000070
14633 2 1 00000 00000000
14695 4 3 00000 00000070
14696 0 2 00000 00000000
14760 4 3 00000 00000070
14761 1 1 00000 00000000
14762 0 3 00000 00000071
14763 2 1 00000 00000000
14825 4 3 00000 00000071
14826 0 2 00000 00000000
14890 4 3 00000 00000071
14891 1 1 00000 00000000
14892 0 3 00000 00000072
14893 2 1 00000 00000000
14955 4 3 00000 00000072
14956 0 2 00000 00000000
15020 4 3 00000 00000072
15021 1 1 00000 00000000
15022 0 3 00000 00000073
15023 2 1 00000 00000000
15085 4 3 00000 00000073
15086 0 2 00000 00000000
15150 4 3 00000 00000073
15151 1 1 00000 00000000
15152 0 3 00000 00000074
15153 2 1 00000 00000000
15215 4 3 00000 00000074
15216 0 2 00000 00000000
15280 4 3 00000 00000074
15281 1 1 00000 00000000
15282 0 3 00000 00000075
15283 2 1 00000 00000000
15345 4 3 00000 00000075
15346 0 2 00000 00000000
15410 4 3 00000 00000075
15411 1 1 00000 00000000
15412 0 3 00000 00000076
15413 2 1 00000 00000000
15475 4 3 00000 00000076
15476 0 2 00000 00000000
15540 4 3 00000 00000076
15541 1 1 00000 00000000
15542 0 3 00000 00000077
15543 2 1 00000 00000000
15605 4 3 00000 00000077
15606 0 2 00000 00000000
15670 4 3 00000 00000077
15671 1 1 00000 00000000
15672 0 3 00000 00000078
15673 2 1 00000 00000000
15735 4 3 00000 00000078
15736 0 2 00000 00000000
15800 4 3 00000 00000078
15801 1 1 00000 00000000
15802 0 3 00000 00000079
15803 2 1 00000 00000000
15865 4 3 00000 00000079
15866 0 2 00000 00000000
15930 4 3 00000 00000079
15931 1 1 00000 00000000
15932 0 3 00000 0000007A
15933 2 1 00000 00000000
15995 4 3 00000 0000007A
15996 0 2 00000 00000000
16060 4 3 00000 0000007A
16061 1 1 00000 00000000
16062 0 3 00000 0000007B
16063 2 1 00000 00000000
16125 4 3 00000 0000007B
16126 0 2 00000 00000000
16190 4 3 00000 0000007B
16191 1 1 00000 00000000
16192 0 3 00000 0000007C
16193 2 1 00000 00000000
16255 4 3 00000 0000007C
16256 0 2 00000 00000000
16320 4 3 00000 0000007C
16321 1 1 00000 00000000
16322 0 3 00000 0000007D
16323 2 1 00000 00000000
16385 4 3 00000 0000007D
16386 0 2 00000 00000000
16450 4 3 00000 0000007D
16451 1 1 00000 00000000
16452 0 3 00000 0000007E
16453 2 1 00000 00000000
16515 4 3 00000 0000007E
16516 0 2 00000 00000000
16580 4 3 00000 0000007E
16581 1 1 00000 00000000
16582 0 3 00000 0000007F
16583 2 1 00000 00000000
16645 4 3 00000 0000007F
16646 0 2 00000 00000000
16710 4 3 00000 0000007F
16711 1 1 00000 00000000
16712 0 3 00000 00000080
16713 2 1 00000 00000000
16775 4 3 00000 00000080
16776 0 1 00100 00000000
16840 4 3 00100 00000000
16841 1 2 00000 00000000
16905 4 3 00000 00000080
16906 2 1 00000 00000000
16907 1 3 00000 00000081
16908 3 1 00000 00000000
16970 4 3 00000 00000081
16971 1 2 00000 00000000
17035 4 3 00000 00000081
17036 2 1 00000 00000000
17037 1 3 00000 00000082
17038 3 1 00000 00000000
17100 4 3 00000 00000082
17101 1 2 00000 00000000
17165 4 3 00000 00000082
17166 2 1 00000 00000000
17167 1 3 00000 00000083
17168 3 1 00000 00000000
17230 4 3 00000 00000083
17231 1 2 00000 00000000
17295 4 3 00000 00000083
17296 2 1 00000 00000000
17297 1 3 00000 00000084
17298 3 1 00000 00000000
17360 4 3 00000 00000084
17361 1 2 00000 00000000
17425 4 3 00000 00000084
17426 2 1 00000 00000000
17427 1 3 00000 00000085
17428 3 1 00000 00000000
17490 4 3 00000 00000085
17491 1 2 00000 00000000
17555 4 3 00000 00000085
17556 2 1 00000 00000000
17557 1 3 00000 00000086
17558 3 1 00000 00000000
17620 4 3 00000 00000086
17621 1 2 00000 00000000
17685 4 3 00000 00000086
17686 2 1 00000 00000000
17687 1 3 00000 00000087
17688 3 1 00000 00000000
17750 4 3 00000 00000087
17751 1 2 00000 00000000
17815 4 3 00000 00000087
17816 2 1 00000 00000000
17817 1 3 00000 00000088
17818 3 1 00000 00000000
17880 4 3 00000 00000088
17881 1 2 00000 00000000
17945 4 3 00000 00000088
17946 2 1 00000 00000000
17947 1 3 00000 00000089
17948 3 1 00000 00000000
18010 4 3 00000 00000089
18011 1 2 00000 00000000
18075 4 3 00000 00000089
18076 2 1 00000 00000000
18077 1 3 00000 0000008A
18078 3 1 00000 00000000
18140 4 3 00000 0000008A
18141 1 2 00000 00000000
18205 4 3 00000 0000008A
18206 2 1 00000 00000000
18207 1 3 00000 0000008B
18208 3 1 00000 00000000
18270 4 3 00000 0000008B
18271 1 2 00000 00000000
18335 4 3 00000 0000008B
18336 2 1 00000 00000000
18337 1 3 00000 0000008C
18338 3 1 00000 00000000
18400 4 3 00000 0000008C
18401 1 2 00000 00000000
18465 4 3 00000 0000008C
18466 2 1 00000 00000000
18467 1 3 00000 0000008D
18468 3 1 00000 00000000
18530 4 3 00000 0000008D
18531 1 2 00000 00000000
18595 4 3 00000 0000008D
18596 2 1 00000 00000000
18597 1 3 00000 0000008E
18598 3 1 00000 00000000
18660 4 3 00000 0000008E
18661 1 2 00000 00000000
18725 4 3 00000 0000008E
18726 2 1 00000 00000000
18727 1 3 00000 0000008F
18728 3 1 00000 00000000
18790 4 3 00000 0000008F
18791 1 2 00000 00000000
18855 4 3 00000 0000008F
18856 2 1 00000 00000000
18857 1 3 00000 00000090
18858 3 1 00000 00000000
18920 4 3 00000 00000090
18921 1 2 00000 00000000
18985 4 3 00000 00000090
18986 2 1 00000 00000000
18987 1 3 00000 00000091
18988 3 1 00000 00000000
19050 4 3 00000 00000091
19051 1 2 00000 00000000
19115 4 3 00000 00000091
19116 2 1 00000 00000000
19117 1 3 00000 00000092
19118 3 1 00000 00000000
19180 4 3 00000 00000092
19181 1 2 00000 00000000
19245 4 3 00000 00000092
19246 2 1 00000 00000000
19247 1 3 00000 00000093
19248 3 1 00000 00000000
19310 4 3 00000 00000093
19311 1 2 00000 00000000
19375 4 3 00000 00000093
19376 2 1 00000 00000000
19377 1 3 00000 00000094
19378 3 1 00000 00000000
19440 4 3 00000 00000094
19441 1 2 00000 00000000
19505 4 3 00000 00000094
19506 2 1 00000 00000000
19507 1 3 00000 00000095
19508 3 1 00000 00000000
19570 4 3 00000 00000095
19571 1 2 00000 00000000
19635 4 3 00000 00000095
19636 2 1 00000 00000000
19637 1 3 00000 00000096
19638 3 1 00000 00000000
19700 4 3 00000 00000096
19701 1 2 00000 00000000
19765 4 3 00000 00000096
19766 2 1 00000 00000000
19767 1 3 00000 00000097
19768 3 1 00000 00000000
19830 4 3 00000 00000097
19831 1 2 00000 00000000
19895 4 3 00000 00000097
19896 2 1 00000 00000000
19897 1 3 00000 00000098
19898 3 1 00000 00000000
19960 4 3 00000 00000098
19961 1 2 00000 00000000
20025 4 3 00000 00000098
20026 2 1 00000 00000000
20027 1 3 00000 00000099
20028 3 1 00000 00000000
20090 4 3 00000 00000099
20091 1 2 00000 00000000
20155 4 3 00000 00000099
20156 2 1 00000 00000000
20157 1 3 00000 0000009A
20158 3 1 00000 00000000
20220 4 3 00000 0000009A
20221 1 2 00000 00000000
20285 4 3 00000 0000009A
20286 2 1 00000 00000000
20287 1 3 00000 0000009B
20288 3 1 00000 00000000
20350 4 3 00000 0000009B
20351 1 2 00000 00000000
20415 4 3 00000 0000009B
20416 2 1 00000 00000000
20417 1 3 00000 0000009C
20418 3 1 00000 00000000
20480 4 3 00000 0000009C
20481 1 2 00000 00000000
20545 4 3 00000 0000009C
20546 2 1 00000 00000000
20547 1 3 00000 0000009D
20548 3 1 00000 00000000
20610 4 3 00000 0000009D
20611 1 2 00000 00000000
20675 4 3 00000 0000009D
20676 2 1 00000 00000000
20677 1 3 00000 0000009E
20678 3 1 00000 00000000
20740 4 3 00000 0000009E
20741 1 2 00000 00000000
20805 4 3 00000 0000009E
20806 2 1 00000 00000000
20807 1 3 00000 0000009F
20808 3 1 00000 00000000
20870 4 3 00000 0000009F
20871 1 2 00000 00000000
20935 4 3 00000 0000009F
20936 2 1 00000 00000000
20937 1 3 00000 000000A0
20938 3 1 00000 00000000
21000 4 3 00000 000000A0
21001 1 2 00000 00000000
21065 4 3 00000 000000A0
21066 2 1 00000 00000000
21067 1 3 00000 000000A1
21068 3 1 00000 00000000
21130 4 3 00000 000000A1
21131 1 2 00000 00000000
21195 4 3 00000 000000A1
21196 2 1 00000 00000000
21197 1 3 00000 000000A2
21198 3 1 00000 00000000
21260 4 3 00000 000000A2
21261 1 2 00000 00000000
21325 4 3 00000 000000A2
21326 2 1 00000 00000000
21327 1 3 00000 000000A3
21328 3 1 00000 00000000
21390 4 3 00000 000000A3
21391 1 2 00000 00000000
21455 4 3 00000 000000A3
21456 2 1 00000 00000000
21457 1 3 00000 000000A4
21458 3 1 00000 00000000
21520 4 3 00000 000000A4
21521 1 2 00000 00000000
21585 4 3 00000 000000A4
21586 2 1 00000 00000000
21587 1 3 00000 000000A5
21588 3 1 00000 00000000
21650 4 3 00000 000000A5
21651 1 2 00000 00000000
21715 4 3 00000 000000A5
21716 2 1 00000 00000000
21717 1 3 00000 000000A6
21718 3 1 00000 00000000
21780 4 3 00000 000000A6
21781 1 2 00000 00000000
21845 4 3 00000 000000A6
21846 2 1 00000 00000000
21847 1 3 00000 000000A7
21848 3 1 00000 00000000
21910 4 3 00000 000000A7
21911 1 2 00000 00000000
21975 4 3 00000 000000A7
21976 2 1 00000 00000000
21977 1 3 00000 000000A8
21978 3 1 00000 00000000
22040 4 3 00000 000000A8
22041 1 2 00000 00000000
22105 4 3 00000 000000A8
22106 2 1 00000 00000000
22107 1 3 00000 000000A9
22108 3 1 00000 00000000
22170 4 3 00000 000000A9
22171 1 2 00000 00000000
22235 4 3 00000 000000A9
22236 2 1 00000 00000000
22237 1 3 00000 000000AA
22238 3 1 00000 00000000
22300 4 3 00000 000000AA
22301 1 2 00000 00000000
22365 4 3 00000 000000AA
22366 2 1 00000 00000000
22367 1 3 00000 000000AB
22368 3 1 00000 00000000
22430 4 3 00000 000000AB
22431 1 2 00000 00000000
22495 4 3 00000 000000AB
22496 2 1 00000 00000000
22497 1 3 00000 000000AC
22498 3 1 00000 00000000
22560 4 3 00000 000000AC
22561 1 2 00000 00000000
22625 4 3 00000 000000AC
22626 2 1 00000 00000000
22627 1 3 00000 000000AD
22628 3 1 00000 00000000
22690 4 3 00000 000000AD
22691 1 2 00000 00000000
22755 4 3 00000 000000AD
22756 2 1 00000 00000000
22757 1 3 00000 000000AE
22758 3 1 00000 00000000
22820 4 3 00000 000000AE
22821 1 2 00000 00000000
22885 4 3 00000 000000AE
22886 2 1 00000 00000000
22887 1 3 00000 000000AF
22888 3 1 00000 00000000
22950 4 3 00000 000000AF
22951 1 2 00000 00000000
23015 4 3 00000 000000AF
23016 2 1 00000 00000000
23017 1 3 00000 000000B0
23018 3 1 00000 00000000
23080 4 3 00000 000000B0
23081 1 2 00000 00000000
23145 4 3 00000 000000B0
23146 2 1 00000 00000000
23147 1 3 00000 000000B1
23148 3 1 00000 00000000
23210 4 3 00000 000000B1
23211 1 2 00000 00000000
23275 4 3 00000 000000B1
23276 2 1 00000 00000000
23277 1 3 00000 000000B2
23278 3 1 00000 00000000
23340 4 3 00000 000000B2
23341 1 2 00000 00000000
23405 4 3 00000 000000B2
23406 2 1 00000 00000000
23407 1 3 00000 000000B3
23408 3 1 00000 00000000
23470 4 3 00000 000000B3
23471 1 2 00000 00000000
23535 4 3 00000 000000B3
23536 2 1 00000 00000000
23537 1 3 00000 000000B4
23538 3 1 00000 00000000
23600 4 3 00000 000000B4
23601 1 2 00000 00000000
23665 4 3 00000 000000B4
23666 2 1 00000 00000000
23667 1 3 00000 000000B5
23668 3 1 00000 00000000
23730 4 3 00000 000000B5
23731 1 2 00000 00000000
23795 4 3 00000 000000B5
23796 2 1 00000 00000000
23797 1 3 00000 000000B6
23798 3 1 00000 00000000
23860 4 3 00000 000000B6
23861 1 2 00000 00000000
23925 4 3 00000 000000B6
23926 2 1 00000 00000000
23927 1 3 00000 000000B7
23928 3 1 00000 00000000
23990 4 3 00000 000000B7
23991 1 2 00000 00000000
24055 4 3 00000 000000B7
24056 2 1 00000 00000000
24057 1 3 00000 000000B8
24058 3 1 00000 00000000
24120 4 3 00000 000000B8
24121 1 2 00000 00000000
24185 4 3 00000 000000B8
24186 2 1 00000 00000000
24187 1 3 00000 000000B9
24188 3 1 00000 00000000
24250 4 3 00000 000000B9
24251 1 2 00000 00000000
24315 4 3 00000 000000B9
24316 2 1 00000 00000000
24317 1 3 00000 000000BA
24318 3 1 00000 00000000
24380 4 3 00000 000000BA
24381 1 2 00000 00000000
24445 4 3 00000 000000BA
24446 2 1 00000 00000000
24447 1 3 00000 000000BB
24448 3 1 00000 00000000
24510 4 3 00000 000000BB
24511 1 2 00000 00000000
24575 4 3 00000 000000BB
24576 2 1 00000 00000000
24577 1 3 00000 000000BC
24578 3 1 00000 00000000
24640 4 3 00000 000000BC
24641 1 2 00000 00000000
24705 4 3 00000 000000BC
24706 2 1 00000 00000000
24707 1 3 00000 000000BD
24708 3 1 00000 00000000
24770 4 3 00000 000000BD
24771 1 2 00000 00000000
24835 4 3 00000 000000BD
24836 2 1 00000 00000000
24837 1 3 00000 000000BE
24838 3 1 00000 00000000
24900 4 3 00000 000000BE
24901 1 2 00000 00000000
24965 4 3 00000 000000BE
24966 2 1 00000 00000000
24967 1 3 00000 000000BF
24968 3 1 00000 00000000
25030 4 3 00000 000000BF
25031 1 2 00000 00000000
25095 4 3 00000 000000BF
25096 2 1 00000 00000000
25097 1 3 00000 000000C0
25098 3 1 00000 00000000
25160 4 3 00000 000000C0
25161 1 2 00000 00000000
25225 4 3 00000 000000C0
25226 2 1 00000 00000000
25227 1 3 00000 000000C1
25228 3 1 00000 00000000
25290 4 3 00000 000000C1
25291 1 2 00000 00000000
25355 4 3 00000 000000C1
25356 2 1 00000 00000000
25357 1 3 00000 000000C2
25358 3 1 00000 00000000
25420 4 3 00000 000000C2
25421 1 2 00000 00000000
25485 4 3 00000 000000C2
25486 2 1 00000 00000000
25487 1 3 00000 000000C3
25488 3 1 00000 00000000
25550 4 3 00000 000000C3
25551 1 2 00000 00000000
25615 4 3 00000 000000C3
25616 2 1 00000 00000000
25617 1 3 00000 000000C4
25618 3 1 00000 00000000
25680 4 3 00000 000000C4
25681 1 2 00000 00000000
25745 4 3 00000 000000C4
25746 2 1 00000 00000000
25747 1 3 00000 000000C5
25748 3 1 00000 00000000
25810 4 3 00000 000000C5
25811 1 2 00000 00000000
25875 4 3 00000 000000C5
25876 2 1 00000 00000000
25877 1 3 00000 000000C6
25878 3 1 00000 00000000
25940 4 3 00000 000000C6
25941 1 2 00000 00000000
26005 4 3 00000 000000C6
26006 2 1 00000 00000000
26007 1 3 00000 000000C7
26008 3 1 00000 00000000
26070 4 3 00000 000000C7
26071 1 2 00000 00000000
26135 4 3 00000 000000C7
26136 2 1 00000 00000000
26137 1 3 00000 000000C8
26138 3 1 00000 00000000
26200 4 3 00000 000000C8
26201 1 2 00000 00000000
26265 4 3 00000 000000C8
26266 2 1 00000 00000000
26267 1 3 00000 000000C9
26268 3 1 00000 00000000
26330 4 3 00000 000000C9
26331 1 2 00000 00000000
26395 4 3 00000 000000C9
26396 2 1 00000 00000000
26397 1 3 00000 000000CA
26398 3 1 00000 00000000
26460 4 3 00000 000000CA
26461 1 2 00000 00000000
26525 4 3 00000 000000CA
26526 2 1 00000 00000000
26527 1 3 00000 000000CB
26528 3 1 00000 00000000
26590 4 3 00000 000000CB
26591 1 2 00000 00000000
26655 4 3 00000 000000CB
26656 2 1 00000 00000000
26657 1 3 00000 000000CC
26658 3 1 00000 00000000
26720 4 3 00000 000000CC
26721 1 2 00000 00000000
26785 4 3 00000 000000CC
26786 2 1 00000 00000000
26787 1 3 00000 000000CD
26788 3 1 00000 00000000
26850 4 3 00000 000000CD
26851 1 2 00000 00000000
26915 4 3 00000 000000CD
26916 2 1 00000 00000000
26917 1 3 00000 000000CE
26918 3 1 00000 00000000
26980 4 3 00000 000000CE
26981 1 2 00000 00000000
27045 4 3 00000 000000CE
27046 2 1 00000 00000000
27047 1 3 00000 000000CF
27048 3 1 00000 00000000
27110 4 3 00000 000000CF
27111 1 2 00000 00000000
27175 4 3 00000 000000CF
27176 2 1 00000 00000000
27177 1 3 00000 000000D0
27178 3 1 00000 00000000
27240 4 3 00000 000000D0
27241 1 2 00000 00000000
27305 4 3 00000 000000D0
27306 2 1 00000 00000000
27307 1 3 00000 000000D1
27308 3 1 00000 00000000
27370 4 3 00000 000000D1
27371 1 2 00000 00000000
27435 4 3 00000 000000D1
27436 2 1 00000 00000000
27437 1 3 00000 000000D2
27438 3 1 00000 00000000
27500 4 3 00000 000000D2
27501 1 2 00000 00000000
27565 4 3 00000 000000D2
27566 2 1 00000 00000000
27567 1 3 00000 000000D3
27568 3 1 00000 00000000
27630 4 3 00000 000000D3
27631 1 2 00000 00000000
27695 4 3 00000 000000D3
27696 2 1 00000 00000000
27697 1 3 00000 000000D4
27698 3 1 00000 00000000
27760 4 3 00000 000000D4
27761 1 2 00000 00000000
27825 4 3 00000 000000D4
27826 2 1 00000 00000000
27827 1 3 00000 000000D5
27828 3 1 00000 00000000
27890 4 3 00000 000000D5
27891 1 2 00000 00000000
27955 4 3 00000 000000D5
27956 2 1 00000 00000000
27957 1 3 00000 000000D6
27958 3 1 00000 00000000
28020 4 3 00000 000000D6
28021 1 2 00000 00000000
28085 4 3 00000 000000D6
28086 2 1 00000 00000000
28087 1 3 00000 000000D7
28088 3 1 00000 00000000
28150 4 3 00000 000000D7
28151 1 2 00000 00000000
28215 4 3 00000 000000D7
28216 2 1 00000 00000000
28217 1 3 00000 000000D8
28218 3 1 00000 00000000
28280 4 3 00000 000000D8
28281 1 2 00000 00000000
28345 4 3 00000 000000D8
28346 2 1 00000 00000000
28347 1 3 00000 000000D9
28348 3 1 00000 00000000
28410 4 3 00000 000000D9
28411 1 2 00000 00000000
28475 4 3 00000 000000D9
28476 2 1 00000 00000000
28477 1 3 00000 000000DA
28478 3 1 00000 00000000
28540 4 3 00000 000000DA
28541 1 2 00000 00000000
28605 4 3 00000 000000DA
28606 2 1 00000 00000000
28607 1 3 00000 000000DB
28608 3 1 00000 00000000
28670 4 3 00000 000000DB
28671 1 2 00000 00000000
28735 4 3 00000 000000DB
28736 2 1 00000 00000000
28737 1 3 00000 000000DC
28738 3 1 00000 00000000
28800 4 3 00000 000000DC
28801 1 2 00000 00000000
28865 4 3 00000 000000DC
28866 2 1 00000 00000000
28867 1 3 00000 000000DD
28868 3 1 00000 00000000
28930 4 3 00000 000000DD
28931 1 2 00000 00000000
28995 4 3 00000 000000DD
28996 2 1 00000 00000000
28997 1 3 00000 000000DE
28998 3 1 00000 00000000
29060 4 3 00000 000000DE
29061 1 2 00000 00000000
29125 4 3 00000 000000DE
29126 2 1 00000 00000000
29127 1 3 00000 000000DF
29128 3 1 00000 00000000
29190 4 3 00000 000000DF
29191 1 2 00000 00000000
29255 4 3 00000 000000DF
29256 2 1 00000 00000000
29257 1 3 00000 000000E0
29258 3 1 00000 00000000
29320 4 3 00000 000000E0
29321 1 2 00000 00000000
29385 4 3 00000 000000E0
29386 2 1 00000 00000000
29387 1 3 00000 000000E1
29388 3 1 00000 00000000
29450 4 3 00000 000000E1
29451 1 2 00000 00000000
29515 4 3 00000 000000E1
29516 2 1 00000 00000000
29517 1 3 00000 000000E2
29518 3 1 00000 00000000
29580 4 3 00000 000000E2
29581 1 2 00000 00000000
29645 4 3 00000 000000E2
29646 2 1 00000 00000000
29647 1 3 00000 000000E3
29648 3 1 00000 00000000
29710 4 3 00000 000000E3
29711 1 2 00000 00000000
29775 4 3 00000 000000E3
29776 2 1 00000 00000000
29777 1 3 00000 000000E4
29778 3 1 00000 00000000
29840 4 3 00000 000000E4
29841 1 2 00000 00000000
29905 4 3 00000 000000E4
29906 2 1 00000 00000000
29907 1 3 00000 000000E5
29908 3 1 00000 00000000
29970 4 3 00000 000000E5
29971 1 2 00000 00000000
30035 4 3 00000 000000E5
30036 2 1 00000 00000000
30037 1 3 00000 000000E6
30038 3 1 00000 00000000
30100 4 3 00000 000000E6
30101 1 2 00000 00000000
30165 4 3 00000 000000E6
30166 2 1 00000 00000000
30167 1 3 00000 000000E7
30168 3 1 00000 00000000
30230 4 3 00000 000000E7
30231 1 2 00000 00000000
30295 4 3 00000 000000E7
30296 2 1 00000 00000000
30297 1 3 00000 000000E8
30298 3 1 00000 00000000
30360 4 3 00000 000000E8
30361 1 2 00000 00000000
30425 4 3 00000 000000E8
30426 2 1 00000 00000000
30427 1 3 00000 000000E9
30428 3 1 00000 00000000
30490 4 3 00000 000000E9
30491 1 2 00000 00000000
30555 4 3 00000 000000E9
30556 2 1 00000 00000000
30557 1 3 00000 000000EA
30558 3 1 00000 00000000
30620 4 3 00000 000000EA
30621 1 2 00000 00000000
30685 4 3 00000 000000EA
30686 2 1 00000 00000000
30687 1 3 00000 000000EB
30688 3 1 00000 00000000
30750 4 3 00000 000000EB
30751 1 2 00000 00000000
30815 4 3 00000 000000EB
30816 2 1 00000 00000000
30817 1 3 00000 000000EC
30818 3 1 00000 00000000
30880 4 3 00000 000000EC
30881 1 2 00000 00000000
30945 4 3 00000 000000EC
30946 2 1 00000 00000000
30947 1 3 00000 000000ED
30948 3 1 00000 00000000
31010 4 3 00000 000000ED
31011 1 2 00000 00000000
31075 4 3 00000 000000ED
31076 2 1 00000 00000000
31077 1 3 00000 000000EE
31078 3 1 00000 00000000
31140 4 3 00000 000000EE
31141 1 2 00000 00000000
31205 4 3 00000 000000EE
31206 2 1 00000 00000000
31207 1 3 00000 000000EF
31208 3 1 00000 00000000
31270 4 3 00000 000000EF
31271 1 2 00000 00000000
31335 4 3 00000 000000EF
31336 2 1 00000 00000000
31337 1 3 00000 000000F0
31338 3 1 00000 00000000
31400 4 3 00000 000000F0
31401 1 2 00000 00000000
31465 4 3 00000 000000F0
31466 2 1 00000 00000000
31467 1 3 00000 000000F1
31468 3 1 00000 00000000
31530 4 3 00000 000000F1
31531 1 2 00000 00000000
31595 4 3 00000 000000F1
31596 2 1 00000 00000000
31597 1 3 00000 000000F2
31598 3 1 00000 00000000
31660 4 3 00000 000000F2
31661 1 2 00000 00000000
31725 4 3 00000 000000F2
31726 2 1 00000 00000000
31727 1 3 00000 000000F3
31728 3 1 00000 00000000
31790 4 3 00000 000000F3
31791 1 2 00000 00000000
31855 4 3 00000 000000F3
31856 2 1 00000 00000000
31857 1 3 00000 000000F4
31858 3 1 00000 00000000
31920 4 3 00000 000000F4
31921 1 2 00000 00000000
31985 4 3 00000 000000F4
31986 2 1 00000 00000000
31987 1 3 00000 000000F5
31988 3 1 00000 00000000
32050 4 3 00000 000000F5
32051 1 2 00000 00000000
32115 4 3 00000 000000F5
32116 2 1 00000 00000000
32117 1 3 00000 000000F6
32118 3 1 00000 00000000
32180 4 3 00000 000000F6
32181 1 2 00000 00000000
32245 4 3 00000 000000F6
32246 2 1 00000 00000000
32247 1 3 00000 000000F7
32248 3 1 00000 00000000
32310 4 3 00000 000000F7
32311 1 2 00000 00000000
32375 4 3 00000 000000F7
32376 2 1 00000 00000000
32377 1 3 00000 000000F8
32378 3 1 00000 00000000
32440 4 3 00000 000000F8
32441 1 2 00000 00000000
32505 4 3 00000 000000F8
32506 2 1 00000 00000000
32507 1 3 00000 000000F9
32508 3 1 00000 00000000
32570 4 3 00000 000000F9
32571 1 2 00000 00000000
32635 4 3 00000 000000F9
32636 2 1 00000 00000000
32637 1 3 00000 000000FA
32638 3 1 00000 00000000
32700 4 3 00000 000000FA
32701 1 2 00000 00000000
32765 4 3 00000 000000FA
32766 2 1 00000 00000000
32767 1 3 00000 000000FB
32768 3 1 00000 00000000
32830 4 3 00000 000000FB
32831 1 2 00000 00000000
32895 4 3 00000 000000FB
32896 2 1 00000 00000000
32897 1 3 00000 000000FC
32898 3 1 00000 00000000
32960 4 3 00000 000000FC
32961 1 2 00000 00000000
33025 4 3 00000 000000FC
33026 2 1 00000 00000000
33027 1 3 00000 000000FD
33028 3 1 00000 00000000
33090 4 3 00000 000000FD
33091 1 2 00000 00000000
33155 4 3 00000 000000FD
33156 2 1 00000 00000000
33157 1 3 00000 000000FE
33158 3 1 00000 00000000
33220 4 3 00000 000000FE
33221 1 2 00000 00000000
33285 4 3 00000 000000FE
33286 2 1 00000 00000000
33287 1 3 00000 000000FF
33288 3 1 00000 00000000
33350 4 3 00000 000000FF
33351 1 2 00000 00000000
33415 4 3 00000 000000FF
33416 2 1 00000 00000000
33417 1 3 00000 00000100
33418 3 1 00000 00000000
33480 4 3 00000 00000100
33481 1 1 00100 00000000
33545 4 3 00100 00000000
33546 2 2 00000 00000000
33610 4 3 00000 00000100
33611 3 1 00000 00000000
33612 2 3 00000 00000101
33622 3 2 00000 00000000
33675 4 3 00000 00000101
33676 2 1 00000 00000000
33677 3 3 00000 00000102
33687 2 2 00000 00000000
33740 4 3 00000 00000102
33741 3 1 00000 00000000
33742 2 3 00000 00000103
33752 3 2 00000 00000000
33805 4 3 00000 00000103
33806 2 1 00000 00000000
33807 3 3 00000 00000104
33817 2 2 00000 00000000
33870 4 3 00000 00000104
33871 3 1 00000 00000000
33872 2 3 00000 00000105
33882 3 2 00000 00000000
33935 4 3 00000 00000105
33936 2 1 00000 00000000
33937 3 3 00000 00000106
33947 2 2 00000 00000000
34000 4 3 00000 00000106
34001 3 1 00000 00000000
34002 2 3 00000 00000107
34012 3 2 00000 00000000
34065 4 3 00000 00000107
34066 2 1 00000 00000000
34067 3 3 00000 00000108
34077 2 2 00000 00000000
34130 4 3 00000 00000108
34131 3 1 00000 00000000
34132 2 3 00000 00000109
34142 3 2 00000 00000000
34195 4 3 00000 00000109
34196 2 1 00000 00000000
34197 3 3 00000 0000010A
34207 2 2 00000 00000000
34260 4 3 00000 0000010A
34261 3 1 00000 00000000
34262 2 3 00000 0000010B
34272 3 2 00000 00000000
34325 4 3 00000 0000010B
34326 2 1 00000 00000000
34327 3 3 00000 0000010C
34337 2 2 00000 00000000
34390 4 3 00000 0000010C
34391 3 1 00000 00000000
34392 2 3 00000 0000010D
34402 3 2 00000 00000000
34455 4 3 00000 0000010D
34456 2 1 00000 00000000
34457 3 3 00000 0000010E
34467 2 2 00000 00000000
34520 4 3 00000 0000010E
34521 3 1 00000 00000000
34522 2 3 00000 0000010F
34532 3 2 00000 00000000
34585 4 3 00000 0000010F
34586 2 1 00000 00000000
34587 3 3 00000 00000110
34597 2 2 00000 00000000
34650 4 3 00000 00000110
34651 3 1 00000 00000000
34652 2 3 00000 00000111
34662 3 2 00000 00000000
34715 4 3 00000 00000111
34716 2 1 00000 00000000
34717 3 3 00000 00000112
34727 2 2 00000 00000000
34780 4 3 00000 00000112
34781 3 1 00000 00000000
34782 2 3 00000 00000113
34792 3 2 00000 00000000
34845 4 3 00000 00000113
34846 2 1 00000 00000000
34847 3 3 00000 00000114
34857 2 2 00000 00000000
34910 4 3 00000 00000114
34911 3 1 00000 00000000
34912 2 3 00000 00000115
34922 3 2 00000 00000000
34975 4 3 00000 00000115
34976 2 1 00000 00000000
34977 3 3 00000 00000116
34987 2 2 00000 00000000
35040 4 3 00000 00000116
35041 3 1 00000 00000000
35042 2 3 00000 00000117
35052 3 2 00000 00000000
35105 4 3 00000 00000117
35106 2 1 00000 00000000
35107 3 3 00000 00000118
35117 2 2 00000 00000000
35170 4 3 00000 00000118
35171 3 1 00000 00000000
35172 2 3 00000 00000119
35182 3 2 00000 00000000
35235 4 3 00000 00000119
35236 2 1 00000 00000000
35237 3 3 00000 0000011A
35247 2 2 00000 00000000
35300 4 3 00000 0000011A
35301 3 1 00000 00000000
35302 2 3 00000 0000011B
35312 3 2 00000 00000000
35365 4 3 00000 0000011B
35366 2 1 00000 00000000
35367 3 3 00000 0000011C
35377 2 2 00000 00000000
35430 4 3 00000 0000011C
35431 3 1 00000 00000000
35432 2 3 00000 0000011D
35442 3 2 00000 00000000
35495 4 3 00000 0000011D
35496 2 1 00000 00000000
35497 3 3 00000 0000011E
35507 2 2 00000 00000000
35560 4 3 00000 0000011E
35561 3 1 00000 00000000
35562 2 3 00000 0000011F
35572 3 2 00000 00000000
35625 4 3 00000 0000011F
35626 2 1 00000 00000000
35627 3 3 00000 00000120
35637 2 2 00000 00000000
35690 4 3 00000 00000120
35691 3 1 00000 00000000
35692 2 3 00000 00000121
35702 3 2 00000 00000000
35755 4 3 00000 00000121
35756 2 1 00000 00000000
35757 3 3 00000 00000122
35767 2 2 00000 00000000
35820 4 3 00000 00000122
35821 3 1 00000 00000000
35822 2 3 00000 00000123
35832 3 2 00000 00000000
35885 4 3 00000 00000123
35886 2 1 00000 00000000
35887 3 3 00000 00000124
35897 2 2 00000 00000000
35950 4 3 00000 00000124
35951 3 1 00000 00000000
35952 2 3 00000 00000125
35962 3 2 00000 00000000
36015 4 3 00000 00000125
36016 2 1 00000 00000000
36017 3 3 00000 00000126
36027 2 2 00000 00000000
36080 4 3 00000 00000126
36081 3 1 00000 00000000
36082 2 3 00000 00000127
36092 3 2 00000 00000000
36145 4 3 00000 00000127
36146 2 1 00000 00000000
36147 3 3 00000 00000128
36157 2 2 00000 00000000
36210 4 3 00000 00000128
36211 3 1 00000 00000000
36212 2 3 00000 00000129
36222 3 2 00000 00000000
36275 4 3 00000 00000129
36276 2 1 00000 00000000
36277 3 3 00000 0000012A
36287 2 2 00000 00000000
36340 4 3 00000 0000012A
36341 3 1 00000 00000000
36342 2 3 00000 0000012B
36352 3 2 00000 00000000
36405 4 3 00000 0000012B
36406 2 1 00000 00000000
36407 3 3 00000 0000012C
36417 2 2 00000 00000000
36470 4 3 00000 0000012C
36471 3 1 00000 00000000
36472 2 3 00000 0000012D
36482 3 2 00000 00000000
36535 4 3 00000 0000012D
36536 2 1 00000 00000000
36537 3 3 00000 0000012E
36547 2 2 00000 00000000
36600 4 3 00000 0000012E
36601 3 1 00000 00000000
36602 2 3 00000 0000012F
36612 3 2 00000 00000000
36665 4 3 00000 0000012F
36666 2 1 00000 00000000
36667 3 3 00000 00000130
36677 2 2 00000 00000000
36730 4 3 00000 00000130
36731 3 1 00000 00000000
36732 2 3 00000 00000131
36742 3 2 00000 00000000
36795 4 3 00000 00000131
36796 2 1 00000 00000000
36797 3 3 00000 00000132
36807 2 2 00000 00000000
36860 4 3 00000 00000132
36861 3 1 00000 00000000
36862 2 3 00000 00000133
36872 3 2 00000 00000000
36925 4 3 00000 00000133
36926 2 1 00000 00000000
36927 3 3 00000 00000134
36937 2 2 00000 00000000
36990 4 3 00000 00000134
36991 3 1 00000 00000000
36992 2 3 00000 00000135
37002 3 2 00000 00000000
37055 4 3 00000 00000135
37056 2 1 00000 00000000
37057 3 3 00000 00000136
37067 2 2 00000 00000000
37120 4 3 00000 00000136
37121 3 1 00000 00000000
37122 2 3 00000 00000137
37132 3 2 00000 00000000
37185 4 3 00000 00000137
37186 2 1 00000 00000000
37187 3 3 00000 00000138
37197 2 2 00000 00000000
37250 4 3 00000 00000138
37251 3 1 00000 00000000
37252 2 3 00000 00000139
37262 3 2 00000 00000000
37315 4 3 00000 00000139
37316 2 1 00000 00000000
37317 3 3 00000 0000013A
37327 2 2 00000 00000000
37380 4 3 00000 0000013A
37381 3 1 00000 00000000
37382 2 3 00000 0000013B
37392 3 2 00000 00000000
37445 4 3 00000 0000013B
37446 2 1 00000 00000000
37447 3 3 00000 0000013C
37457 2 2 00000 00000000
37510 4 3 00000 0000013C
37511 3 1 00000 00000000
37512 2 3 00000 0000013D
37522 3 2 00000 00000000
37575 4 3 00000 0000013D
37576 2 1 00000 00000000
37577 3 3 00000 0000013E
37587 2 2 00000 00000000
37640 4 3 00000 0000013E
37641 3 1 00000 00000000
37642 2 3 00000 0000013F
37652 3 2 00000 00000000
37705 4 3 00000 0000013F
37706 2 1 00000 00000000
37707 3 3 00000 00000140
37717 2 2 00000 00000000
37770 4 3 00000 00000140
37771 3 1 00000 00000000
37772 2 3 00000 00000141
37782 3 2 00000 00000000
37835 4 3 00000 00000141
37836 2 1 00000 00000000
37837 3 3 00000 00000142
37847 2 2 00000 00000000
37900 4 3 00000 00000142
37901 3 1 00000 00000000
37902 2 3 00000 00000143
37912 3 2 00000 00000000
37965 4 3 00000 00000143
37966 2 1 00000 00000000
37967 3 3 00000 00000144
37977 2 2 00000 00000000
38030 4 3 00000 00000144
38031 3 1 00000 00000000
38032 2 3 00000 00000145
38042 3 2 00000 00000000
38095 4 3 00000 00000145
38096 2 1 00000 00000000
38097 3 3 00000 00000146
38107 2 2 00000 00000000
38160 4 3 00000 00000146
38161 3 1 00000 00000000
38162 2 3 00000 00000147
38172 3 2 00000 00000000
38225 4 3 00000 00000147
38226 2 1 00000 00000000
38227 3 3 00000 00000148
38237 2 2 00000 00000000
38290 4 3 00000 00000148
38291 3 1 00000 00000000
38292 2 3 00000 00000149
38302 3 2 00000 00000000
38355 4 3 00000 00000149
38356 2 1 00000 00000000
38357 3 3 00000 0000014A
38367 2 2 00000 00000000
38420 4 3 00000 0000014A
38421 3 1 00000 00000000
38422 2 3 00000 0000014B
38432 3 2 00000 00000000
38485 4 3 00000 0000014B
38486 2 1 00000 00000000
38487 3 3 00000 0000014C
38497 2 2 00000 00000000
38550 4 3 00000 0000014C
38551 3 1 00000 00000000
38552 2 3 00000 0000014D
38562 3 2 00000 00000000
38615 4 3 00000 0000014D
38616 2 1 00000 00000000
38617 3 3 00000 0000014E
38627 2 2 00000 00000000
38680 4 3 00000 0000014E
38681 3 1 00000 00000000
38682 2 3 00000 0000014F
38692 3 2 00000 00000000
38745 4 3 00000 0000014F
38746 2 1 00000 00000000
38747 3 3 00000 00000150
38757 2 2 00000 00000000
38810 4 3 00000 00000150
38811 3 1 00000 00000000
38812 2 3 00000 00000151
38822 3 2 00000 00000000
38875 4 3 00000 00000151
38876 2 1 00000 00000000
38877 3 3 00000 00000152
38887 2 2 00000 00000000
38940 4 3 00000 00000152
38941 3 1 00000 00000000
38942 2 3 00000 00000153
38952 3 2 00000 00000000
39005 4 3 00000 00000153
39006 2 1 00000 00000000
39007 3 3 00000 00000154
39017 2 2 00000 00000000
39070 4 3 00000 00000154
39071 3 1 00000 00000000
39072 2 3 00000 00000155
39082 3 2 00000 00000000
39135 4 3 00000 00000155
39136 2 1 00000 00000000
39137 3 3 00000 00000156
39147 2 2 00000 00000000
39200 4 3 00000 00000156
39201 3 1 00000 00000000
39202 2 3 00000 00000157
39212 3 2 00000 00000000
39265 4 3 00000 00000157
39266 2 1 00000 00000000
39267 3 3 00000 00000158
39277 2 2 00000 00000000
39330 4 3 00000 00000158
39331 3 1 00000 00000000
39332 2 3 00000 00000159
39342 3 2 00000 00000000
39395 4 3 00000 00000159
39396 2 1 00000 00000000
39397 3 3 00000 0000015A
39407 2 2 00000 00000000
39460 4 3 00000 0000015A
39461 3 1 00000 00000000
39462 2 3 00000 0000015B
39472 3 2 00000 00000000
39525 4 3 00000 0000015B
39526 2 1 00000 00000000
39527 3 3 00000 0000015C
39537 2 2 00000 00000000
39590 4 3 00000 0000015C
39591 3 1 00000 00000000
39592 2 3 00000 0000015D
39602 3 2 00000 00000000
39655 4 3 00000 0000015D
39656 2 1 00000 00000000
39657 3 3 00000 0000015E
39667 2 2 00000 00000000
39720 4 3 00000 0000015E
39721 3 1 00000 00000000
39722 2 3 00000 0000015F
39732 3 2 00000 00000000
39785 4 3 00000 0000015F
39786 2 1 00000 00000000
39787 3 3 00000 00000160
39797 2 2 00000 00000000
39850 4 3 00000 00000160
39851 3 1 00000 00000000
39852 2 3 00000 00000161
39862 3 2 00000 00000000
39915 4 3 00000 00000161
39916 2 1 00000 00000000
39917 3 3 00000 00000162
39927 2 2 00000 00000000
39980 4 3 00000 00000162
39981 3 1 00000 00000000
39982 2 3 00000 00000163
39992 3 2 00000 00000000
40045 4 3 00000 00000163
40046 2 1 00000 00000000
40047 3 3 00000 00000164
40057 2 2 00000 00000000
40110 4 3 00000 00000164
40111 3 1 00000 00000000
40112 2 3 00000 00000165
40122 3 2 00000 00000000
40175 4 3 00000 00000165
40176 2 1 00000 00000000
40177 3 3 00000 00000166
40187 2 2 00000 00000000
40240 4 3 00000 00000166
40241 3 1 00000 00000000
40242 2 3 00000 00000167
40252 3 2 00000 00000000
40305 4 3 00000 00000167
40306 2 1 00000 00000000
40307 3 3 00000 00000168
40317 2 2 00000 00000000
40370 4 3 00000 00000168
40371 3 1 00000 00000000
40372 2 3 00000 00000169
40382 3 2 00000 00000000
40435 4 3 00000 00000169
40436 2 1 00000 00000000
40437 3 3 00000 0000016A
40447 2 2 00000 00000000
40500 4 3 00000 0000016A
40501 3 1 00000 00000000
40502 2 3 00000 0000016B
40512 3 2 00000 00000000
40565 4 3 00000 0000016B
40566 2 1 00000 00000000
40567 3 3 00000 0000016C
40577 2 2 00000 00000000
40630 4 3 00000 0000016C
40631 3 1 00000 00000000
40632 2 3 00000 0000016D
40642 3 2 00000 00000000
40695 4 3 00000 0000016D
40696 2 1 00000 00000000
40697 3 3 00000 0000016E
40707 2 2 00000 00000000
40760 4 3 00000 0000016E
40761 3 1 00000 00000000
40762 2 3 00000 0000016F
40772 3 2 00000 00000000
40825 4 3 00000 0000016F
40826 2 1 00000 00000000
40827 3 3 00000 00000170
40837 2 2 00000 00000000
40890 4 3 00000 00000170
40891 3 1 00000 00000000
40892 2 3 00000 00000171
40902 3 2 00000 00000000
40955 4 3 00000 00000171
40956 2 1 00000 00000000
40957 3 3 00000 00000172
40967 2 2 00000 00000000
41020 4 3 00000 00000172
41021 3 1 00000 00000000
41022 2 3 00000 00000173
41032 3 2 00000 00000000
41085 4 3 00000 00000173
41086 2 1 00000 00000000
41087 3 3 00000 00000174
41097 2 2 00000 00000000
41150 4 3 00000 00000174
41151 3 1 00000 00000000
41152 2 3 00000 00000175
41162 3 2 00000 00000000
41215 4 3 00000 00000175
41216 2 1 00000 00000000
41217 3 3 00000 00000176
41227 2 2 00000 00000000
41280 4 3 00000 00000176
41281 3 1 00000 00000000
41282 2 3 00000 00000177
41292 3 2 00000 00000000
41345 4 3 00000 00000177
41346 2 1 00000 00000000
41347 3 3 00000 00000178
41357 2 2 00000 00000000
41410 4 3 00000 00000178
41411 3 1 00000 00000000
41412 2 3 00000 00000179
41422 3 2 00000 00000000
41475 4 3 00000 00000179
41476 2 1 00000 00000000
41477 3 3 00000 0000017A
41487 2 2 00000 00000000
41540 4 3 00000 0000017A
41541 3 1 00000 00000000
41542 2 3 00000 0000017B
41552 3 2 00000 00000000
41605 4 3 00000 0000017B
41606 2 1 00000 00000000
41607 3 3 00000 0000017C
41617 2 2 00000 00000000
41670 4 3 00000 0000017C
41671 3 1 00000 00000000
41672 2 3 00000 0000017D
41682 3 2 00000 00000000
41735 4 3 00000 0000017D
41736 2 1 00000 00000000
41737 3 3 00000 0000017E
41747 2 2 00000 00000000
41800 4 3 00000 0000017E
41801 3 1 00000 00000000
41802 2 3 00000 0000017F
41812 3 2 00000 00000000
41865 4 3 00000 0000017F
41866 2 1 00000 00000000
41867 3 3 00000 00000180
41877 2 2 00000 00000000
41930 4 3 00000 00000180
41931 3 1 00000 00000000
41932 2 3 00000 00000181
41942 3 2 00000 00000000
41995 4 3 00000 00000181
41996 2 1 00000 00000000
41997 3 3 00000 00000182
42007 2 2 00000 00000000
42060 4 3 00000 00000182
42061 3 1 00000 00000000
42062 2 3 00000 00000183
42072 3 2 00000 00000000
42125 4 3 00000 00000183
42126 2 1 00000 00000000
42127 3 3 00000 00000184
42137 2 2 00000 00000000
42190 4 3 00000 00000184
42191 3 1 00000 00000000
42192 2 3 00000 00000185
42202 3 2 00000 00000000
42255 4 3 00000 00000185
42256 2 1 00000 00000000
42257 3 3 00000 00000186
42267 2 2 00000 00000000
42320 4 3 00000 00000186
42321 3 1 00000 00000000
42322 2 3 00000 00000187
42332 3 2 00000 00000000
42385 4 3 00000 00000187
42386 2 1 00000 00000000
42387 3 3 00000 00000188
42397 2 2 00000 00000000
42450 4 3 00000 00000188
42451 3 1 00000 00000000
42452 2 3 00000 00000189
42462 3 2 00000 00000000
42515 4 3 00000 00000189
42516 2 1 00000 00000000
42517 3 3 00000 0000018A
42527 2 2 00000 00000000
42580 4 3 00000 0000018A
42581 3 1 00000 00000000
42582 2 3 00000 0000018B
42592 3 2 00000 00000000
42645 4 3 00000 0000018B
42646 2 1 00000 00000000
42647 3 3 00000 0000018C
42657 2 2 00000 00000000
42710 4 3 00000 0000018C
42711 3 1 00000 00000000
42712 2 3 00000 0000018D
42722 3 2 00000 00000000
42775 4 3 00000 0000018D
42776 2 1 00000 00000000
42777 3 3 00000 0000018E
42787 2 2 00000 00000000
42840 4 3 00000 0000018E
42841 3 1 00000 00000000
42842 2 3 00000 0000018F
42852 3 2 00000 00000000
42905 4 3 00000 0000018F
42906 2 1 00000 00000000
42907 3 3 00000 00000190
42917 2 2 00000 00000000
42970 4 3 00000 00000190
42971 3 1 00000 00000000
42972 2 3 00000 00000191
42982 3 2 00000 00000000
43035 4 3 00000 00000191
43036 2 1 00000 00000000
43037 3 3 00000 00000192
43047 2 2 00000 00000000
43100 4 3 00000 00000192
43101 3 1 00000 00000000
43102 2 3 00000 00000193
43112 3 2 00000 00000000
43165 4 3 00000 00000193
43166 2 1 00000 00000000
43167 3 3 00000 00000194
43177 2 2 00000 00000000
43230 4 3 00000 00000194
43231 3 1 00000 00000000
43232 2 3 00000 00000195
43242 3 2 00000 00000000
43295 4 3 00000 00000195
43296 2 1 00000 00000000
43297 3 3 00000 00000196
43307 2 2 00000 00000000
43360 4 3 00000 00000196
43361 3 1 00000 00000000
43362 2 3 00000 00000197
43372 3 2 00000 00000000
43425 4 3 00000 00000197
43426 2 1 00000 00000000
43427 3 3 00000 00000198
43437 2 2 00000 00000000
43490 4 3 00000 00000198
43491 3 1 00000 00000000
43492 2 3 00000 00000199
43502 3 2 00000 00000000
43555 4 3 00000 00000199
43556 2 1 00000 00000000
43557 3 3 00000 0000019A
43567 2 2 00000 00000000
43620 4 3 00000 0000019A
43621 3 1 00000 00000000
43622 2 3 00000 0000019B
43632 3 2 00000 00000000
43685 4 3 00000 0000019B
43686 2 1 00000 00000000
43687 3 3 00000 0000019C
43697 2 2 00000 00000000
43750 4 3 00000 0000019C
43751 3 1 00000 00000000
43752 2 3 00000 0000019D
43762 3 2 00000 00000000
43815 4 3 00000 0000019D
43816 2 1 00000 00000000
43817 3 3 00000 0000019E
43827 2 2 00000 00000000
43880 4 3 00000 0000019E
43881 3 1 00000 00000000
43882 2 3 00000 0000019F
43892 3 2 00000 00000000
43945 4 3 00000 0000019F
43946 2 1 00000 00000000
43947 3 3 00000 000001A0
43957 2 2 00000 00000000
44010 4 3 00000 000001A0
44011 3 1 00000 00000000
44012 2 3 00000 000001A1
44022 3 2 00000 00000000
44075 4 3 00000 000001A1
44076 2 1 00000 00000000
44077 3 3 00000 000001A2
44087 2 2 00000 00000000
44140 4 3 00000 000001A2
44141 3 1 00000 00000000
44142 2 3 00000 000001A3
44152 3 2 00000 00000000
44205 4 3 00000 000001A3
44206 2 1 00000 00000000
44207 3 3 00000 000001A4
44217 2 2 00000 00000000
44270 4 3 00000 000001A4
44271 3 1 00000 00000000
44272 2 3 00000 000001A5
44282 3 2 00000 00000000
44335 4 3 00000 000001A5
44336 2 1 00000 00000000
44337 3 3 00000 000001A6
44347 2 2 00000 00000000
44400 4 3 00000 000001A6
44401 3 1 00000 00000000
44402 2 3 00000 000001A7
44412 3 2 00000 00000000
44465 4 3 00000 000001A7
44466 2 1 00000 00000000
44467 3 3 00000 000001A8
44477 2 2 00000 00000000
44530 4 3 00000 000001A8
44531 3 1 00000 00000000
44532 2 3 00000 000001A9
44542 3 2 00000 00000000
44595 4 3 00000 000001A9
44596 2 1 00000 00000000
44597 3 3 00000 000001AA
44607 2 2 00000 00000000
44660 4 3 00000 000001AA
44661 3 1 00000 00000000
44662 2 3 00000 000001AB
44672 3 2 00000 00000000
44725 4 3 00000 000001AB
44726 2 1 00000 00000000
44727 3 3 00000 000001AC
44737 2 2 00000 00000000
44790 4 3 00000 000001AC
44791 3 1 00000 00000000
44792 2 3 00000 000001AD
44802 3 2 00000 00000000
44855 4 3 00000 000001AD
44856 2 1 00000 00000000
44857 3 3 00000 000001AE
44867 2 2 00000 00000000
44920 4 3 00000 000001AE
44921 3 1 00000 00000000
44922 2 3 00000 000001AF
44932 3 2 00000 00000000
44985 4 3 00000 000001AF
44986 2 1 00000 00000000
44987 3 3 00000 000001B0
44997 2 2 00000 00000000
45050 4 3 00000 000001B0
45051 3 1 00000 00000000
45052 2 3 00000 000001B1
45062 3 2 00000 00000000
45115 4 3 00000 000001B1
45116 2 1 00000 00000000
45117 3 3 00000 000001B2
45127 2 2 00000 00000000
45180 4 3 00000 000001B2
45181 3 1 00000 00000000
45182 2 3 00000 000001B3
45192 3 2 00000 00000000
45245 4 3 00000 000001B3
45246 2 1 00000 00000000
45247 3 3 00000 000001B4
45257 2 2 00000 00000000
45310 4 3 00000 000001B4
45311 3 1 00000 00000000
45312 2 3 00000 000001B5
45322 3 2 00000 00000000
45375 4 3 00000 000001B5
45376 2 1 00000 00000000
45377 3 3 00000 000001B6
45387 2 2 00000 00000000
45440 4 3 00000 000001B6
45441 3 1 00000 00000000
45442 2 3 00000 000001B7
45452 3 2 00000 00000000
45505 4 3 00000 000001B7
45506 2 1 00000 00000000
45507 3 3 00000 000001B8
45517 2 2 00000 00000000
45570 4 3 00000 000001B8
45571 3 1 00000 00000000
45572 2 3 00000 000001B9
45582 3 2 00000 00000000
45635 4 3 00000 000001B9
45636 2 1 00000 00000000
45637 3 3 00000 000001BA
45647 2 2 00000 00000000
45700 4 3 00000 000001BA
45701 3 1 00000 00000000
45702 2 3 00000 000001BB
45712 3 2 00000 00000000
45765 4 3 00000 000001BB
45766 2 1 00000 00000000
45767 3 3 00000 000001BC
45777 2 2 00000 00000000
45830 4 3 00000 000001BC
45831 3 1 00000 00000000
45832 2 3 00000 000001BD
45842 3 2 00000 00000000
45895 4 3 00000 000001BD
45896 2 1 00000 00000000
45897 3 3 00000 000001BE
45907 2 2 00000 00000000
45960 4 3 00000 000001BE
45961 3 1 00000 00000000
45962 2 3 00000 000001BF
45972 3 2 00000 00000000
46025 4 3 00000 000001BF
46026 2 1 00000 00000000
46027 3 3 00000 000001C0
46037 2 2 00000 00000000
46090 4 3 00000 000001C0
46091 3 1 00000 00000000
46092 2 3 00000 000001C1
46102 3 2 00000 00000000
46155 4 3 00000 000001C1
46156 2 1 00000 00000000
46157 3 3 00000 000001C2
46167 2 2 00000 00000000
46220 4 3 00000 000001C2
46221 3 1 00000 00000000
46222 2 3 00000 000001C3
46232 3 2 00000 00000000
46285 4 3 00000 000001C3
46286 2 1 00000 00000000
46287 3 3 00000 000001C4
46297 2 2 00000 00000000
46350 4 3 00000 000001C4
46351 3 1 00000 00000000
46352 2 3 00000 000001C5
46362 3 2 00000 00000000
46415 4 3 00000 000001C5
46416 2 1 00000 00000000
46417 3 3 00000 000001C6
46427 2 2 00000 00000000
46480 4 3 00000 000001C6
46481 3 1 00000 00000000
46482 2 3 00000 000001C7
46492 3 2 00000 00000000
46545 4 3 00000 000001C7
46546 2 1 00000 00000000
46547 3 3 00000 000001C8
46557 2 2 00000 00000000
46610 4 3 00000 000001C8
46611 3 1 00000 00000000
46612 2 3 00000 000001C9
46622 3 2 00000 00000000
46675 4 3 00000 000001C9
46676 2 1 00000 00000000
46677 3 3 00000 000001CA
46687 2 2 00000 00000000
46740 4 3 00000 000001CA
46741 3 1 00000 00000000
46742 2 3 00000 000001CB
46752 3 2 00000 00000000
46805 4 3 00000 000001CB
46806 2 1 00000 00000000
46807 3 3 00000 000001CC
46817 2 2 00000 00000000
46870 4 3 00000 000001CC
46871 3 1 00000 00000000
46872 2 3 00000 000001CD
46882 3 2 00000 00000000
46935 4 3 00000 000001CD
46936 2 1 00000 00000000
46937 3 3 00000 000001CE
46947 2 2 00000 00000000
47000 4 3 00000 000001CE
47001 3 1 00000 00000000
47002 2 3 00000 000001CF
47012 3 2 00000 00000000
47065 4 3 00000 000001CF
47066 2 1 00000 00000000
47067 3 3 00000 000001D0
47077 2 2 00000 00000000
47130 4 3 00000 000001D0
47131 3 1 00000 00000000
47132 2 3 00000 000001D1
47142 3 2 00000 00000000
47195 4 3 00000 000001D1
47196 2 1 00000 00000000
47197 3 3 00000 000001D2
47207 2 2 00000 00000000
47260 4 3 00000 000001D2
47261 3 1 00000 00000000
47262 2 3 00000 000001D3
47272 3 2 00000 00000000
47325 4 3 00000 000001D3
47326 2 1 00000 00000000
47327 3 3 00000 000001D4
47337 2 2 00000 00000000
47390 4 3 00000 000001D4
47391 3 1 00000 00000000
47392 2 3 00000 000001D5
47402 3 2 00000 00000000
47455 4 3 00000 000001D5
47456 2 1 00000 00000000
47457 3 3 00000 000001D6
47467 2 2 00000 00000000
47520 4 3 00000 000001D6
47521 3 1 00000 00000000
47522 2 3 00000 000001D7
47532 3 2 00000 00000000
47585 4 3 00000 000001D7
47586 2 1 00000 00000000
47587 3 3 00000 000001D8
47597 2 2 00000 00000000
47650 4 3 00000 000001D8
47651 3 1 00000 00000000
47652 2 3 00000 000001D9
47662 3 2 00000 00000000
47715 4 3 00000 000001D9
47716 2 1 00000 00000000
47717 3 3 00000 000001DA
47727 2 2 00000 00000000
47780 4 3 00000 000001DA
47781 3 1 00000 00000000
47782 2 3 00000 000001DB
47792 3 2 00000 00000000
47845 4 3 00000 000001DB
47846 2 1 00000 00000000
47847 3 3 00000 000001DC
47857 2 2 00000 00000000
47910 4 3 00000 000001DC
47911 3 1 00000 00000000
47912 2 3 00000 000001DD
47922 3 2 00000 00000000
47975 4 3 00000 000001DD
47976 2 1 00000 00000000
47977 3 3 00000 000001DE
47987 2 2 00000 00000000
48040 4 3 00000 000001DE
48041 3 1 00000 00000000
48042 2 3 00000 000001DF
48052 3 2 00000 00000000
48105 4 3 00000 000001DF
48106 2 1 00000 00000000
48107 3 3 00000 000001E0
48117 2 2 00000 00000000
48170 4 3 00000 000001E0
48171 3 1 00000 00000000
48172 2 3 00000 000001E1
48182 3 2 00000 00000000
48235 4 3 00000 000001E1
48236 2 1 00000 00000000
48237 3 3 00000 000001E2
48247 2 2 00000 00000000
48300 4 3 00000 000001E2
48301 3 1 00000 00000000
48302 2 3 00000 000001E3
48312 3 2 00000 00000000
48365 4 3 00000 000001E3
48366 2 1 00000 00000000
48367 3 3 00000 000001E4
48377 2 2 00000 00000000
48430 4 3 00000 000001E4
48431 3 1 00000 00000000
48432 2 3 00000 000001E5
48442 3 2 00000 00000000
48495 4 3 00000 000001E5
48496 2 1 00000 00000000
48497 3 3 00000 000001E6
48507 2 2 00000 00000000
48560 4 3 00000 000001E6
48561 3 1 00000 00000000
48562 2 3 00000 000001E7
48572 3 2 00000 00000000
48625 4 3 00000 000001E7
48626 2 1 00000 00000000
48627 3 3 00000 000001E8
48637 2 2 00000 00000000
48690 4 3 00000 000001E8
48691 3 1 00000 00000000
48692 2 3 00000 000001E9
48702 3 2 00000 00000000
48755 4 3 00000 000001E9
48756 2 1 00000 00000000
48757 3 3 00000 000001EA
48767 2 2 00000 00000000
48820 4 3 00000 000001EA
48821 3 1 00000 00000000
48822 2 3 00000 000001EB
48832 3 2 00000 00000000
48885 4 3 00000 000001EB
48886 2 1 00000 00000000
48887 3 3 00000 000001EC
48897 2 2 00000 00000000
48950 4 3 00000 000001EC
48951 3 1 00000 00000000
48952 2 3 00000 000001ED
48962 3 2 00000 00000000
49015 4 3 00000 000001ED
49016 2 1 00000 00000000
49017 3 3 00000 000001EE
49027 2 2 00000 00000000
49080 4 3 00000 000001EE
49081 3 1 00000 00000000
49082 2 3 00000 000001EF
49092 3 2 00000 00000000
49145 4 3 00000 000001EF
49146 2 1 00000 00000000
49147 3 3 00000 000001F0
49157 2 2 00000 00000000
49210 4 3 00000 000001F0
49211 3 1 00000 00000000
49212 2 3 00000 000001F1
49222 3 2 00000 00000000
49275 4 3 00000 000001F1
49276 2 1 00000 00000000
49277 3 3 00000 000001F2
49287 2 2 00000 00000000
49340 4 3 00000 000001F2
49341 3 1 00000 00000000
49342 2 3 00000 000001F3
49352 3 2 00000 00000000
49405 4 3 00000 000001F3
49406 2 1 00000 00000000
49407 3 3 00000 000001F4
49417 2 2 00000 00000000
49470 4 3 00000 000001F4
49471 3 1 00000 00000000
49472 2 3 00000 000001F5
49482 3 2 00000 00000000
49535 4 3 00000 000001F5
49536 2 1 00000 00000000
49537 3 3 00000 000001F6
49547 2 2 00000 00000000
49600 4 3 00000 000001F6
49601 3 1 00000 00000000
49602 2 3 00000 000001F7
49612 3 2 00000 00000000
49665 4 3 00000 000001F7
49666 2 1 00000 00000000
49667 3 3 00000 000001F8
49677 2 2 00000 00000000
49730 4 3 00000 000001F8
49731 3 1 00000 00000000
49732 2 3 00000 000001F9
49742 3 2 00000 00000000
49795 4 3 00000 000001F9
49796 2 1 00000 00000000
49797 3 3 00000 000001FA
49807 2 2 00000 00000000
49860 4 3 00000 000001FA
49861 3 1 00000 00000000
49862 2 3 00000 000001FB
49872 3 2 00000 00000000
49925 4 3 00000 000001FB
49926 2 1 00000 00000000
49927 3 3 00000 000001FC
49937 2 2 00000 00000000
49990 4 3 00000 000001FC
49991 3 1 00000 00000000
49992 2 3 00000 000001FD
50002 3 2 00000 00000000
50055 4 3 00000 000001FD
50056 2 1 00000 00000000
50057 3 3 00000 000001FE
50067 2 2 00000 00000000
50120 4 3 00000 000001FE
50121 3 1 00000 00000000
50122 2 3 00000 000001FF
50130 2 1 00100 00000000
50185 4 3 00100 00000000
50186 3 2 00000 00000000
50250 4 3 00000 000001FF
50260 3 3 00000 00000200
50261 3 1 00100 00000000
50325 4 3 00100 00000000
