00810007
00910070
00E10000
00D10000
1021E000
1031E001
1061D100
1071D110
05226000
05337000
1061E002
1071E003
00523000
1021D120
1031D130
00A50000
05662000
05773000
1021E004
1031E005
00567000
00BD1200
1061D140
1071D150
00A5A000
05226000
05337000
1061E006
1071E007
00523000
1021D160
1031D170
00A5A000
05662000
05773000
00567000
00A5A000
11ABE010
0B1D8004
00DD1001
0B1E9003
00EE1010
00810087
00910078
00E10008
00D10080
1021E000
1031E001
1061D100
1071D110
05226000
05337000
1061E002
1071E003
00523000
1021D120
1031D130
00A50000
05662000
05773000
1021E004
1031E005
00567000
00BD1178
1061D140
1071D150
00A5A000
05226000
05337000
1061E006
1071E007
00523000
104BE000
1021D160
1031D170
00A5A000
05662000
05773000
00AA4000
00567000
00A5A000
11ABE010
0B1D802E
00DD1001
0B1E902D
00EE1010
10210100
10210101
10210102
10210103
10210104
10210105
10210106
10210107
10210110
10210111
10210112
10210113
10210114
10210115
10210116
10210117
10210120
10210121
10210122
10210123
10210124
10210125
10210126
10210127
10210130
10210131
10210132
10210133
10210134
10210135
10210136
10210137
10210140
10210141
10210142
10210143
10210144
10210145
10210146
10210147
10210150
10210151
10210152
10210153
10210154
10210155
10210156
10210157
10210160
10210161
10210162
10210163
10210164
10210165
10210166
10210167
10210170
10210171
10210172
10210173
10210174
10210175
10210176
10210177
14000000
